pp03004@grad:~/trab_i/tmp$ more bss-25.tmp
2500 0.144619
5000 0.560088
7500 1.259371
10000 2.238823
12500 3.499126
15000 5.038730
17500 6.862141
20000 8.959956
22500 11.340031
25000 14.008724
pp03004@grad:~/trab_i/tmp$ more bss-150.tmp
2500 0.845936
5000 3.363927
7500 7.560660
10000 13.450076
12500 21.047051
15000 30.296276
17500 41.245425
20000 53.904057
22500 68.182450
25000 84.185604
pp03004@grad:~/trab_i/tmp$ more bss-500.tmp
2500 2.811721
5000 11.216227
7500 25.195679
10000 44.827243
12500 70.084905
15000 101.007489
17500 137.415256
20000 179.514916
22500 227.200236
25000 280.503538
pp03004@grad:~/trab_i/tmp$ more bsp-25.2.tmp
2500 0.136816
5000 0.532887
7500 0.924937
10000 1.345893
12500 2.103296
15000 3.826935
17500 4.303821
20000 5.383742
22500 6.811147
25000 8.410404
pp03004@grad:~/trab_i/tmp$ more bsp-25.4.tmp
2500 0.061340
5000 0.230874
7500 0.507789
10000 0.908516
12500 1.417361
15000 2.040395
17500 2.757939
20000 3.589034
22500 4.542534
25000 5.638543
pp03004@grad:~/trab_i/tmp$ more bsp-25.8.tmp
2500 0.060700
5000 0.133126
7500 0.266625
10000 0.489102
12500 0.739867
15000 1.087302
17500 1.463526
20000 1.897816
22500 2.414900
25000 2.978867
pp03004@grad:~/trab_i/tmp$ more bsp-25.16.tmp
2500 0.044660
5000 0.134912
7500 0.281797
10000 0.489214
12500 0.747159
15000 1.064821
17500 1.449573
20000 1.910865
22500 2.415039
25000 2.993484
pp03004@grad:~/trab_i/tmp$ more bsp-150.2.tmp
2500 0.671869
5000 2.049281
7500 3.970444
10000 6.911199
12500 11.155946
15000 15.510415
17500 20.978503
20000 27.273702
22500 34.298527
25000 42.568848
pp03004@grad:~/trab_i/tmp$ more bsp-150.4.tmp
2500 0.233588
5000 0.908071
7500 2.019900
10000 3.604442
12500 5.606541
15000 8.088180
17500 11.032113
20000 14.521100
22500 18.358407
25000 22.470077
pp03004@grad:~/trab_i/tmp$ more bsp-150.8.tmp
2500 0.232948
5000 0.537794
7500 1.077093
10000 2.018514
12500 3.042405
15000 4.270242
17500 5.942973
20000 7.640551
22500 9.603855
25000 11.853356
pp03004@grad:~/trab_i/tmp$ more bsp-150.16.tmp
2500 0.143271
5000 0.499983
7500 1.095328
10000 1.919830
12500 2.990974
15000 4.284144
17500 5.833136
20000 7.614137
22500 9.614754
25000 11.863619
pp03004@grad:~/trab_i/tmp$ more bsp-500.2.tmp
2500 1.608558
5000 5.790779
7500 13.188528
10000 22.578147
12500 35.390379
15000 50.785559
17500 69.006506
20000 89.960940
22500 113.665360
25000 140.467665
pp03004@grad:~/trab_i/tmp$ more bsp-500.4.tmp
2500 0.720937
5000 2.875652
7500 6.396762
10000 11.351493
12500 17.548986
15000 25.520548
17500 34.684281
20000 45.071015
22500 57.305654
25000 71.025266
pp03004@grad:~/trab_i/tmp$ more bsp-500.8.tmp
2500 0.550144
5000 1.593616
7500 3.445038
10000 6.167703
12500 9.622780
15000 13.824361
17500 18.885034
20000 24.558949
22500 31.122120
25000 38.417258
pp03004@grad:~/trab_i/tmp$ more bsp-500.16.tmp
2500 0.473973
5000 1.654712
7500 3.725236
10000 6.614494
12500 10.362384
15000 14.917825
17500 20.281053
20000 26.477876
22500 33.541544
25000 41.394661
pp03004@grad:~/trab_i/tmp$